5684515 42 10 0.1 1 1 1 1000 10000 2 1211 1622 3359 267 6461.800000000018 76 2 74 89 3.7790262172284645 574
5684515 6 10 0.1 1 1 1 1000 10000 2 1211 1864 6641 964 9806.200000000044 311 1 310 278 3.586099585062241 586
6399104 42 10 0.5 1 1 1 1000 10000 10 10050 411 1256 1544 523 429 35 394 468 6.51360103626943 30.5
6399104 36 10 0.5 1 1 1 1000 10000 10 10050 420 1067 1252 444.5 331 33 298 384 7.364217252396166 32
6399104 24 10 0.5 1 1 1 1000 10000 10 10050 358 1314 1552 564.5 433 29 404 467 6.852448453608248 30
6399104 12 10 0.5 1 1 1 1000 10000 10 10050 364 1046 1278 393 348 38 310 389 6.913145539906103 32
6399104 18 10 0.5 1 1 1 1000 10000 10 10050 332 601 714 270.5 203 27 176 219 8.703081232492996 35
6399104 30 10 0.5 1 1 1 1000 10000 10 10050 365 647 805 252.5 243 38 205 240 7.258385093167702 32
6399104 48 10 0.5 1 1 1 1000 10000 10 10050 451 764 792 395.5 241 60 181 228 9.545454545454545 37
6399104 54 10 0.5 1 1 1 1000 10000 10 10050 333 595 680 275 199 38 161 201 8.304411764705883 31
6399104 0 10 0.5 1 1 1 1000 10000 10 10050 434 952 1114 415 342 51 291 329 7.127468581687612 29
6399104 6 10 0.5 1 1 1 1000 10000 10 10050 266 344 319 189.5 91 33 58 102 11.373040752351097 39
4545060 54 10 0.6 1 1 1 1000 10000 10 10042 415 1089 1438 471.60000000000167 440 34 406 444 7.4422809457579975 32
4545060 42 10 0.6 1 1 1 1000 10000 10 10042 405 981 1291 399.00000000000114 384 46 338 421 6.997676219984508 31
4545060 0 10 0.6 1 1 1 1000 10000 10 10042 482 1000 1274 456.000000000001 375 53 322 410 8.452904238618524 34
4545060 6 10 0.6 1 1 1 1000 10000 10 10042 489 1036 1290 504.6000000000021 387 59 328 408 8.474418604651163 33
4545060 48 10 0.6 1 1 1 1000 10000 10 10042 388 1107 1381 526.200000000002 409 37 372 443 7.225199131064446 32
4545060 24 10 0.6 1 1 1 1000 10000 10 10042 371 841 1048 381.0000000000005 298 46 252 344 7.331106870229007 31
4545060 12 10 0.6 1 1 1 1000 10000 10 10042 253 287 317 173.99999999999974 116 35 81 89 11.100946372239747 39
4545060 36 10 0.6 1 1 1 1000 10000 10 10042 427 570 625 293.99999999999966 196 63 133 188 9.744 35
4545060 30 10 0.6 1 1 1 1000 10000 10 10042 285 300 340 154.19999999999982 121 48 73 109 9.979411764705882 38
4545060 18 10 0.6 1 1 1 1000 10000 10 10042 383 841 1038 384.00000000000085 302 50 252 337 7.5491329479768785 31
5488645 54 10 0.7 1 1 1 1000 10000 10 10072 287 597 896 257.5999999999995 277 48 229 290 6.527901785714286 23
5488645 30 10 0.7 1 1 1 1000 10000 10 10072 263 777 1127 313.59999999999934 312 13 299 365 5.616681455190772 20
5488645 42 10 0.7 1 1 1 1000 10000 10 10072 308 1135 1665 517.999999999998 481 31 450 527 5.351351351351352 22
5488645 24 10 0.7 1 1 1 1000 10000 10 10072 266 450 630 209.99999999999974 216 52 164 203 6.982539682539683 24
5488645 36 10 0.7 1 1 1 1000 10000 10 10072 230 362 441 197.39999999999984 147 33 114 145 6.99092970521542 23
5488645 48 10 0.7 1 1 1 1000 10000 10 10072 295 823 1146 374.4999999999987 326 35 291 379 5.631762652705061 23
5488645 6 10 0.7 1 1 1 1000 10000 10 10072 292 544 796 232.39999999999952 229 31 198 251 5.956030150753769 24
5488645 18 10 0.7 1 1 1 1000 10000 10 10072 329 871 1233 405.2999999999983 368 35 333 402 5.562043795620438 23
5488645 0 10 0.7 1 1 1 1000 10000 10 10072 254 820 1246 338.79999999999876 363 22 341 406 5.235152487961477 22
5488645 12 10 0.7 1 1 1 1000 10000 10 10072 280 631 892 271.59999999999945 264 25 239 281 5.874439461883408 24
7424155 0 10 0.8 1 1 1 1000 10000 10 9994 297 507 793 202.4000000000004 235 36 199 251 5.3013871374527115 20
7424155 36 10 0.8 1 1 1 1000 10000 10 9994 249 564 877 235.2000000000003 258 29 229 286 5.33751425313569 18
7424155 30 10 0.8 1 1 1 1000 10000 10 9994 215 794 1187 395.20000000000164 304 0 304 405 4.59983150800337 17
7424155 42 10 0.8 1 1 1 1000 10000 10 9994 215 723 1130 320.80000000000086 329 15 314 368 4.810619469026548 17
7424155 54 10 0.8 1 1 1 1000 10000 10 9994 249 642 986 240.80000000000047 272 28 244 320 5.137931034482759 19
7424155 24 10 0.8 1 1 1 1000 10000 10 9994 156 284 440 124.79999999999984 133 25 108 150 5.404545454545454 18
7424155 6 10 0.8 1 1 1 1000 10000 10 9994 251 907 1442 394.40000000000157 415 23 392 462 5.1386962552011095 18
7424155 48 10 0.8 1 1 1 1000 10000 10 9994 243 894 1388 383.20000000000164 380 18 362 471 4.97478386167147 18
7424155 12 10 0.8 1 1 1 1000 10000 10 9994 224 604 991 236.80000000000047 276 24 252 342 4.992936427850656 19
7424155 18 10 0.8 1 1 1 1000 10000 10 9994 236 511 760 239.20000000000053 243 33 210 246 5.081578947368421 17
